Q_0_0: 1.0
Q_1_1: 1.0
Q_2_2: 0.1
Q_3_3: 0.0

Qf_0_0: 1.0
Qf_1_1: 1.0
Qf_2_2: 0.1
Qf_3_3: 0.0

R_0_0: 0.5
R_1_1: 0.1

Rd_0_0: 0.5
Rd_1_1: 10.0

state_dim: 4
input_dim: 2
predict_step_num: 10  #(config-1):5, (config-2):5
dt: 0.5 #(config-1):0.2,  (config-2):0.5
max_optimize_iter: 3
accuracy_threshold: 0.01

low_vel: 0.12
hig_vel: 0.6
min_vel: -0.8 #(config-1):-1.5,  (config-2):-0.6
max_vel: 0.8 #(config-1):1.5, (config-2):0.6
max_steer: 0.6981317
max_dsteer: 0.5235988 #0.5235988
max_acc: 0.5 #(config-1):0.2, #(config-2): 0.5
wheel_base: 0.7

waypoint_distance_density: 0.2 #0.1